[gd_scene load_steps=17 format=2]

[ext_resource path="res://nodes/player/player.tscn" type="PackedScene" id=1]
[ext_resource path="res://nodes/level/level_root.tscn" type="PackedScene" id=2]
[ext_resource path="res://nodes/ui/PauseMenu.tscn" type="PackedScene" id=3]
[ext_resource path="res://nodes/camera.gd" type="Script" id=4]
[ext_resource path="res://nodes/gameworld.gd" type="Script" id=5]
[ext_resource path="res://shaders/postprocess.tres" type="Material" id=6]
[ext_resource path="res://textures/paavo.png" type="Texture" id=7]
[ext_resource path="res://nodes/ui/Hud.tscn" type="PackedScene" id=8]
[ext_resource path="res://doors/door.tscn" type="PackedScene" id=9]
[ext_resource path="res://clutter/chair.tscn" type="PackedScene" id=10]
[ext_resource path="res://objects/props/warning_light.tscn" type="PackedScene" id=11]
[ext_resource path="res://objects/props/plant.tscn" type="PackedScene" id=12]
[ext_resource path="res://objects/props/hell.glb" type="PackedScene" id=13]
[ext_resource path="res://objects/props/water_cooler.tscn" type="PackedScene" id=14]

[sub_resource type="ProceduralSky" id=1]
sky_top_color = Color( 0.682353, 0.698039, 0.705882, 1 )
sky_energy = 0.6
ground_energy = 0.6
sun_color = Color( 0, 0, 0, 1 )
sun_energy = 0.0

[sub_resource type="Environment" id=2]
background_mode = 3
background_sky = SubResource( 1 )
background_color = Color( 0.0117647, 0.0117647, 0.0117647, 1 )
ambient_light_energy = 0.24
ambient_light_sky_contribution = 0.0
tonemap_mode = 2
tonemap_exposure = 0.92
ssao_enabled = true
glow_enabled = true
glow_intensity = 0.75
glow_strength = 0.94
glow_bloom = 0.02
glow_blend_mode = 0
glow_hdr_threshold = 1.62

[node name="gameworld" type="Node"]
script = ExtResource( 5 )

[node name="player" parent="." instance=ExtResource( 1 )]

[node name="level_root" parent="." instance=ExtResource( 2 )]

[node name="camera" type="Camera" parent="."]
transform = Transform( 1, 0, 0, 0, 1, 0, 0, 0, 1, 0, 1, 13 )
environment = SubResource( 2 )
fov = 58.0
far = 250.0
script = ExtResource( 4 )

[node name="point_lights" type="Node" parent="."]

[node name="OmniLight" type="OmniLight" parent="point_lights"]
transform = Transform( 0.965926, -0.198267, 0.166366, 0, 0.642788, 0.766044, -0.258819, -0.739942, 0.620885, -0.568711, 3.20165, -1.38275 )
light_color = Color( 0.968627, 0.956863, 0.831373, 1 )
light_energy = 2.42
shadow_enabled = true
omni_range = 9.3
omni_attenuation = 4.14106

[node name="OmniLight3" type="OmniLight" parent="point_lights"]
transform = Transform( 0.965926, -0.198267, 0.166366, 0, 0.642788, 0.766044, -0.258819, -0.739942, 0.620885, -0.568711, 1.98428, 29.0839 )
light_color = Color( 0.968627, 0.956863, 0.831373, 1 )
light_energy = 2.42
shadow_enabled = true
omni_range = 9.3
omni_attenuation = 4.14106

[node name="OmniLight4" type="OmniLight" parent="point_lights"]
transform = Transform( 0.965926, -0.198267, 0.166366, 0, 0.642788, 0.766044, -0.258819, -0.739942, 0.620885, -0.568711, 1.98428, 9.31228 )
light_color = Color( 0.968627, 0.956863, 0.831373, 1 )
light_energy = 2.42
shadow_enabled = true
omni_range = 9.3
omni_attenuation = 4.14106

[node name="OmniLight5" type="OmniLight" parent="point_lights"]
transform = Transform( 0.965926, -0.198267, 0.166366, 0, 0.642788, 0.766044, -0.258819, -0.739942, 0.620885, -0.568711, 1.98428, 18.6428 )
light_color = Color( 0.968627, 0.956863, 0.831373, 1 )
light_energy = 2.42
shadow_enabled = true
omni_range = 9.3
omni_attenuation = 4.14106

[node name="OmniLight7" type="OmniLight" parent="point_lights"]
transform = Transform( 0.965926, -0.198267, 0.166366, 0, 0.642788, 0.766044, -0.258819, -0.739942, 0.620885, 5.17741, 1.98428, 9.31228 )
light_color = Color( 0.968627, 0.956863, 0.831373, 1 )
light_energy = 2.42
shadow_enabled = true
omni_range = 9.3
omni_attenuation = 4.14106

[node name="OmniLight6" type="OmniLight" parent="point_lights"]
transform = Transform( 0.965926, -0.198267, 0.166366, 0, 0.642788, 0.766044, -0.258819, -0.739942, 0.620885, 5.17741, 1.98428, 18.6428 )
light_color = Color( 0.968627, 0.956863, 0.831373, 1 )
light_energy = 2.42
shadow_enabled = true
omni_range = 9.3
omni_attenuation = 4.14106

[node name="OmniLight9" type="OmniLight" parent="point_lights"]
transform = Transform( 0.965926, -0.198267, 0.166366, 0, 0.642788, 0.766044, -0.258819, -0.739942, 0.620885, 10.873, 1.98428, 9.31228 )
light_color = Color( 0.968627, 0.956863, 0.831373, 1 )
light_energy = 2.42
shadow_enabled = true
omni_range = 9.3
omni_attenuation = 4.14106

[node name="OmniLight8" type="OmniLight" parent="point_lights"]
transform = Transform( 0.965926, -0.198267, 0.166366, 0, 0.642788, 0.766044, -0.258819, -0.739942, 0.620885, 10.873, 1.98428, 18.6428 )
light_color = Color( 0.968627, 0.956863, 0.831373, 1 )
light_energy = 2.42
shadow_enabled = true
omni_range = 9.3
omni_attenuation = 4.14106

[node name="OmniLight2" type="OmniLight" parent="point_lights"]
transform = Transform( 0.965926, -0.198267, 0.166366, 0, 0.642788, 0.766044, -0.258819, -0.739942, 0.620885, 9.61153, 3.20165, -1.38275 )
light_color = Color( 0.968627, 0.956863, 0.831373, 1 )
light_energy = 2.42
shadow_enabled = true
omni_range = 9.3
omni_attenuation = 4.14106

[node name="mainLight" type="DirectionalLight" parent="."]
transform = Transform( 0.965926, -0.198267, 0.166366, -0.251714, -0.570054, 0.782099, -0.0602268, -0.797326, -0.600536, 5, 5, 15 )
light_color = Color( 0.521569, 0.572549, 0.603922, 1 )
light_energy = 0.61
light_indirect_energy = 1.21
light_specular = 0.31
shadow_enabled = true
shadow_bias = 0.0
directional_shadow_blend_splits = true
directional_shadow_normal_bias = 0.51
directional_shadow_bias_split_scale = 0.34
directional_shadow_max_distance = 150.7

[node name="uiLayer" type="CanvasLayer" parent="."]

[node name="Hud" parent="uiLayer" instance=ExtResource( 8 )]

[node name="menuLayer" type="CanvasLayer" parent="."]

[node name="PauseMenu" parent="menuLayer" instance=ExtResource( 3 )]
visible = false

[node name="postprocessLayer" type="CanvasLayer" parent="."]
layer = 2

[node name="crtshader" type="TextureRect" parent="postprocessLayer"]
material = ExtResource( 6 )
margin_left = 1.0
margin_top = 1.0
margin_right = 1923.0
margin_bottom = 1082.0
texture = ExtResource( 7 )
expand = true
__meta__ = {
"_edit_use_anchors_": false
}

[node name="door" parent="." instance=ExtResource( 9 )]
transform = Transform( 1, 0, 0, 0, 1, 0, 0, 0, 1, 0, 0, 5 )

[node name="door3" parent="." instance=ExtResource( 9 )]
transform = Transform( 1, 0, 0, 0, 1, 0, 0, 0, 1, 0, 0, 25 )

[node name="door2" parent="." instance=ExtResource( 9 )]
transform = Transform( -4.37114e-08, 0, 1, 0, 1, 0, -1, 0, -4.37114e-08, 5, 0, 0 )

[node name="warning_light" parent="." instance=ExtResource( 11 )]
transform = Transform( 0.469456, 0, -0.882956, -0.882956, -4.37114e-08, -0.469456, -3.85952e-08, 1, -2.05206e-08, 0, 2.03357, -5.03931 )

[node name="warning_light2" parent="." instance=ExtResource( 11 )]
transform = Transform( 0.469456, 0, -0.882956, -0.882956, -4.37114e-08, -0.469456, -3.85952e-08, 1, -2.05206e-08, 10, 2.03357, -5.03931 )

[node name="clutter" type="Node" parent="."]

[node name="plant" parent="clutter" instance=ExtResource( 12 )]
transform = Transform( 0.5, 0, 0, 0, 0.5, 0, 0, 0, 0.5, 0.900391, 0, 9.66803 )

[node name="plant2" parent="clutter" instance=ExtResource( 12 )]
transform = Transform( 0.5, 0, 0, 0, 0.5, 0, 0, 0, 0.5, -2.57061, 0, 8.86569 )

[node name="plant3" parent="clutter" instance=ExtResource( 12 )]
transform = Transform( 0.5, 0, 0, 0, 0.5, 0, 0, 0, 0.5, 5.74932, 0, 5.98773 )

[node name="plant4" parent="clutter" instance=ExtResource( 12 )]
transform = Transform( 0.5, 0, 0, 0, 0.5, 0, 0, 0, 0.5, 11.9792, 0, 12.1672 )

[node name="plant5" parent="clutter" instance=ExtResource( 12 )]
transform = Transform( 0.5, 0, 0, 0, 0.5, 0, 0, 0, 0.5, 13.6399, 0, 10.5065 )

[node name="plant6" parent="clutter" instance=ExtResource( 12 )]
transform = Transform( 0.5, 0, 0, 0, 0.5, 0, 0, 0, 0.5, 12.2837, 0, 6.29932 )

[node name="plant7" parent="clutter" instance=ExtResource( 12 )]
transform = Transform( 0.5, 0, 0, 0, 0.5, 0, 0, 0, 0.5, 7.96582, 0, 16.5958 )

[node name="plant8" parent="clutter" instance=ExtResource( 12 )]
transform = Transform( 0.5, 0, 0, 0, 0.5, 0, 0, 0, 0.5, 13.0587, 0, 15.7377 )

[node name="hell" parent="clutter/plant8" instance=ExtResource( 13 )]
transform = Transform( 1, 0, 0, 0, -1.62921e-07, -1, 0, 1, -1.62921e-07, -28.9065, 2.06885, -41.5146 )

[node name="chair" parent="clutter" instance=ExtResource( 10 )]
transform = Transform( 0.866025, 0, -0.5, 0, 1, 0, 0.5, 0, 0.866025, -1.7753, -4.76837e-07, 8.01204 )

[node name="chair2" parent="clutter" instance=ExtResource( 10 )]
transform = Transform( 0.918018, 0, -0.396539, 0, 1, 0, 0.396539, 0, 0.918018, 8.75089, 0, 7.0741 )

[node name="chair3" parent="clutter" instance=ExtResource( 10 )]
transform = Transform( 0.5, 0, 0.866025, 0, 1, 0, -0.866025, 0, 0.5, 0, 0, 11 )

[node name="chair4" parent="clutter" instance=ExtResource( 10 )]
transform = Transform( -0.64643, 0, -0.762973, 0, 1, 0, 0.762973, 0, -0.64643, 7.25936, 0, 12.3178 )

[node name="chair5" parent="clutter" instance=ExtResource( 10 )]
transform = Transform( -0.786299, 0, -0.617846, 0, 1, 0, 0.617846, 0, -0.786299, 2.99319, 0, 8.13762 )

[node name="chair6" parent="clutter" instance=ExtResource( 10 )]
transform = Transform( 0.469456, 0, -0.882956, 0, 1, 0, 0.882956, 0, 0.469456, 7.6206, 0, 15.8442 )

[node name="water_cooler" parent="clutter" instance=ExtResource( 14 )]
transform = Transform( -0.302529, 0, -0.26168, 0, 0.4, 0, 0.26168, 0, -0.302529, 13.5778, 0, 6.1377 )

[node name="water_cooler2" parent="clutter" instance=ExtResource( 14 )]
transform = Transform( 0.389851, 0, 0.0895313, 0, 0.4, 0, -0.0895313, 0, 0.389851, -3.57946, 0, 22.3562 )
