[gd_scene load_steps=41 format=2]

[ext_resource path="res://wizard/hat.material" type="Material" id=1]
[ext_resource path="res://materials/extinguisher_particles.material" type="Material" id=2]
[ext_resource path="res://wizard/red paint.material" type="Material" id=3]
[ext_resource path="res://wizard/white_lable.material" type="Material" id=4]
[ext_resource path="res://wizard/black_plastic.material" type="Material" id=5]
[ext_resource path="res://wizard/steel.material" type="Material" id=6]
[ext_resource path="res://wizard/wizard.gd" type="Script" id=7]
[ext_resource path="res://wizard/tux_eyes.material" type="Material" id=8]
[ext_resource path="res://wizard/orange.material" type="Material" id=9]
[ext_resource path="res://wizard/white.material" type="Material" id=10]
[ext_resource path="res://wizard/wood_staff.material" type="Material" id=11]
[ext_resource path="res://wizard/black.material" type="Material" id=12]
[ext_resource path="res://wizard/skin.material" type="Material" id=13]
[ext_resource path="res://wizard/belt.material" type="Material" id=14]
[ext_resource path="res://wizard/robe.material" type="Material" id=15]
[ext_resource path="res://wizard/lens.material" type="Material" id=16]
[ext_resource path="res://wizard/wizard_hair.material" type="Material" id=17]

[sub_resource type="ArrayMesh" id=1]
resource_name = "body"
surfaces/0 = {
"aabb": AABB( -0.850471, 0.987439, -0.1208, 1.70044, 0.166055, 0.170688 ),
"array_data": PoolByteArray( 231, 106, 29, 63, 224, 39, 136, 63, 118, 92, 196, 188, 204, 206, 103, 0, 14, 110, 61, 127, 27, 55, 198, 39, 12, 13, 0, 0, 197, 234, 57, 21, 0, 0, 0, 0, 158, 131, 72, 63, 70, 29, 129, 63, 237, 221, 14, 61, 225, 202, 110, 0, 21, 109, 60, 127, 27, 55, 7, 51, 13, 12, 0, 0, 165, 239, 89, 16, 0, 0, 0, 0, 149, 234, 74, 63, 91, 216, 134, 63, 133, 87, 76, 61, 234, 244, 124, 0, 25, 123, 16, 127, 114, 56, 7, 51, 13, 12, 0, 0, 136, 239, 118, 16, 0, 0, 0, 0, 223, 209, 31, 63, 245, 226, 141, 63, 140, 210, 18, 188, 213, 252, 119, 0, 33, 121, 16, 127, 114, 56, 198, 39, 12, 13, 0, 0, 120, 241, 134, 14, 0, 0, 0, 0, 135, 200, 84, 63, 192, 142, 134, 63, 181, 21, 5, 61, 106, 236, 66, 0, 3, 123, 30, 127, 114, 56, 27, 53, 13, 12, 0, 0, 60, 254, 194, 1, 0, 0, 0, 0, 144, 97, 82, 63, 171, 211, 128, 63, 58, 56, 143, 60, 97, 194, 52, 0, 44, 109, 47, 127, 27, 55, 27, 53, 13, 12, 0, 0, 119, 254, 135, 1, 0, 0, 0, 0, 186, 32, 87, 63, 85, 46, 130, 63, 70, 72, 210, 188, 115, 204, 11, 0, 45, 109, 45, 127, 27, 55, 228, 54, 13, 0, 0, 0, 255, 255, 0, 0, 0, 0, 0, 0, 177, 135, 89, 63, 106, 233, 135, 63, 44, 170, 46, 188, 124, 246, 25, 0, 3, 122, 33, 127, 114, 56, 228, 54, 13, 0, 0, 0, 255, 255, 0, 0, 0, 0, 0, 0, 37, 68, 36, 63, 11, 75, 146, 63, 38, 206, 216, 188, 14, 110, 61, 0, 142, 37, 216, 127, 193, 58, 27, 53, 12, 13, 0, 0, 128, 252, 126, 3, 0, 0, 0, 0, 220, 92, 79, 63, 113, 64, 139, 63, 21, 165, 4, 61, 35, 102, 65, 0, 148, 58, 225, 127, 62, 57, 27, 53, 13, 12, 0, 0, 144, 241, 110, 14, 0, 0, 0, 0, 6, 28, 84, 63, 28, 155, 140, 63, 172, 108, 48, 188, 53, 112, 25, 0, 149, 58, 222, 127, 62, 57, 228, 54, 13, 12, 0, 0, 220, 250, 34, 5, 0, 0, 0, 0, 79, 3, 41, 63, 182, 165, 147, 63, 169, 147, 142, 189, 33, 121, 16, 0, 142, 37, 216, 127, 193, 58, 228, 54, 12, 0, 0, 0, 255, 255, 0, 0, 0, 0, 0, 0, 83, 145, 85, 63, 64, 226, 137, 63, 19, 70, 64, 189, 72, 41, 161, 0, 10, 113, 56, 127, 114, 56, 62, 56, 13, 0, 0, 0, 255, 255, 0, 0, 0, 0, 0, 0, 92, 42, 83, 63, 43, 39, 132, 63, 170, 191, 125, 189, 63, 0, 146, 0, 40, 118, 22, 127, 27, 55, 62, 56, 13, 0, 0, 0, 255, 255, 0, 0, 0, 0, 0, 0, 165, 17, 40, 63, 196, 49, 139, 63, 233, 101, 247, 189, 43, 4, 137, 0, 33, 121, 16, 127, 27, 55, 193, 57, 12, 13, 0, 0, 238, 236, 16, 19, 0, 0, 0, 0, 156, 120, 42, 63, 218, 236, 144, 63, 29, 169, 216, 189, 52, 50, 153, 0, 14, 110, 61, 127, 114, 56, 193, 57, 12, 13, 0, 0, 137, 247, 117, 8, 0, 0, 0, 0, 134, 82, 72, 63, 107, 174, 125, 63, 154, 67, 167, 60, 225, 148, 58, 0, 120, 240, 35, 127, 131, 53, 0, 52, 13, 12, 0, 0, 50, 240, 204, 15, 0, 0, 0, 0, 235, 248, 73, 63, 211, 200, 124, 63, 92, 158, 169, 186, 244, 131, 246, 0, 117, 241, 44, 127, 131, 53, 27, 53, 13, 12, 0, 0, 171, 241, 83, 14, 0, 0, 0, 0, 162, 76, 79, 63, 82, 70, 125, 63, 148, 251, 4, 60, 54, 143, 19, 0, 98, 57, 56, 127, 0, 54, 27, 53, 13, 12, 0, 0, 197, 249, 57, 6, 0, 0, 0, 0, 57, 228, 76, 63, 53, 133, 125, 63, 202, 80, 193, 60, 23, 151, 65, 0, 82, 63, 72, 127, 39, 54, 22, 52, 13, 12, 0, 0, 184, 245, 70, 10, 0, 0, 0, 0, 172, 68, 78, 63, 234, 143, 128, 63, 29, 4, 10, 61, 41, 191, 100, 0, 40, 107, 53, 127, 27, 55, 0, 52, 13, 12, 0, 0, 105, 247, 149, 8, 0, 0, 0, 0, 134, 82, 72, 63, 107, 174, 125, 63, 154, 67, 167, 60, 225, 148, 58, 0, 248, 62, 110, 127, 0, 54, 7, 51, 13, 12, 0, 0, 50, 240, 204, 15, 0, 0, 0, 0, 105, 214, 76, 63, 185, 156, 137, 63, 13, 46, 71, 61, 2, 56, 113, 0, 145, 55, 232, 127, 62, 57, 0, 52, 13, 12, 0, 0, 19, 240, 235, 15, 0, 0, 0, 0, 217, 4, 81, 63, 82, 155, 136, 63, 117, 72, 74, 61, 52, 30, 111, 0, 210, 117, 246, 127, 244, 56, 39, 52, 13, 12, 0, 0, 132, 245, 122, 10, 0, 0, 0, 0, 133, 208, 83, 63, 172, 104, 137, 63, 37, 203, 20, 61, 88, 51, 75, 0, 193, 109, 0, 127, 0, 57, 27, 53, 13, 12, 0, 0, 160, 249, 94, 6, 0, 0, 0, 0, 163, 171, 80, 63, 255, 74, 134, 63, 181, 125, 71, 61, 49, 231, 114, 0, 1, 124, 26, 127, 114, 56, 0, 52, 13, 12, 0, 0, 37, 247, 217, 8, 0, 0, 0, 0, 105, 214, 76, 63, 185, 156, 137, 63, 13, 46, 71, 61, 2, 56, 113, 0, 43, 106, 203, 127, 0, 57, 7, 51, 13, 12, 0, 0, 19, 240, 235, 15, 0, 0, 0, 0, 205, 11, 84, 63, 167, 251, 127, 63, 91, 129, 15, 189, 70, 153, 237, 0, 97, 55, 58, 127, 0, 54, 228, 54, 13, 0, 0, 0, 255, 255, 0, 0, 0, 0, 0, 0, 21, 184, 78, 63, 41, 126, 127, 63, 51, 13, 54, 189, 5, 141, 205, 0, 116, 241, 47, 127, 131, 53, 228, 54, 13, 12, 0, 0, 19, 251, 235, 4, 0, 0, 0, 0, 136, 62, 81, 63, 205, 98, 129, 63, 50, 150, 120, 189, 36, 187, 157, 0, 113, 239, 53, 127, 131, 53, 0, 56, 13, 12, 0, 0, 214, 254, 40, 1, 0, 0, 0, 0, 25, 12, 85, 63, 61, 22, 129, 63, 43, 8, 79, 189, 80, 183, 191, 0, 93, 29, 80, 127, 22, 54, 216, 55, 13, 0, 0, 0, 255, 255, 0, 0, 0, 0, 0, 0, 175, 48, 87, 63, 129, 27, 131, 63, 227, 51, 66, 189, 109, 229, 198, 0, 49, 108, 43, 127, 27, 55, 0, 56, 13, 0, 0, 0, 255, 255, 0, 0, 0, 0, 0, 0, 25, 12, 85, 63, 61, 22, 129, 63, 43, 8, 79, 189, 80, 183, 191, 0, 92, 85, 16, 127, 22, 54, 216, 55, 13, 0, 0, 0, 255, 255, 0, 0, 0, 0, 0, 0, 136, 62, 81, 63, 205, 98, 129, 63, 50, 150, 120, 189, 36, 187, 157, 0, 59, 101, 208, 127, 0, 54, 62, 56, 13, 12, 0, 0, 214, 254, 40, 1, 0, 0, 0, 0, 205, 11, 84, 63, 167, 251, 127, 63, 91, 129, 15, 189, 70, 153, 237, 0, 100, 60, 48, 127, 0, 54, 228, 54, 13, 0, 0, 0, 255, 255, 0, 0, 0, 0, 0, 0, 175, 143, 88, 63, 87, 195, 138, 63, 215, 168, 223, 187, 105, 60, 35, 0, 195, 110, 247, 127, 0, 57, 228, 54, 13, 0, 0, 0, 255, 255, 0, 0, 0, 0, 0, 0, 184, 44, 89, 63, 244, 238, 138, 63, 54, 208, 202, 188, 108, 62, 237, 0, 191, 100, 216, 127, 236, 56, 233, 55, 13, 0, 0, 0, 255, 255, 0, 0, 0, 0, 0, 0, 107, 194, 85, 63, 80, 40, 140, 63, 243, 9, 5, 189, 71, 95, 212, 0, 152, 57, 213, 127, 62, 57, 0, 56, 13, 12, 0, 0, 213, 254, 41, 1, 0, 0, 0, 0, 175, 143, 88, 63, 87, 195, 138, 63, 215, 168, 223, 187, 105, 60, 35, 0, 192, 109, 2, 127, 0, 57, 228, 54, 13, 0, 0, 0, 255, 255, 0, 0, 0, 0, 0, 0, 166, 151, 89, 63, 150, 214, 136, 63, 75, 186, 4, 189, 118, 13, 212, 0, 1, 120, 40, 127, 114, 56, 0, 56, 13, 0, 0, 0, 255, 255, 0, 0, 0, 0, 0, 0, 184, 44, 89, 63, 244, 238, 138, 63, 54, 208, 202, 188, 108, 62, 237, 0, 206, 103, 53, 127, 236, 56, 233, 55, 13, 0, 0, 0, 255, 255, 0, 0, 0, 0, 0, 0, 107, 194, 85, 63, 80, 40, 140, 63, 243, 9, 5, 189, 71, 95, 212, 0, 232, 67, 104, 127, 0, 57, 62, 56, 13, 12, 0, 0, 213, 254, 41, 1, 0, 0, 0, 0, 94, 159, 35, 63, 174, 201, 134, 63, 173, 140, 211, 189, 242, 146, 195, 0, 114, 219, 40, 127, 248, 48, 228, 54, 12, 13, 0, 0, 15, 233, 239, 22, 0, 0, 0, 0, 209, 37, 38, 63, 103, 109, 136, 63, 45, 209, 244, 189, 17, 193, 148, 0, 114, 219, 40, 127, 248, 48, 0, 56, 12, 13, 0, 0, 141, 234, 113, 21, 0, 0, 0, 0, 209, 37, 38, 63, 103, 109, 136, 63, 45, 209, 244, 189, 17, 193, 148, 0, 52, 103, 204, 127, 0, 54, 193, 57, 12, 13, 0, 0, 141, 234, 113, 21, 0, 0, 0, 0, 180, 169, 42, 63, 234, 50, 147, 63, 13, 11, 187, 189, 52, 103, 204, 0, 142, 37, 216, 127, 193, 58, 0, 56, 12, 13, 0, 0, 186, 254, 68, 1, 0, 0, 0, 0, 180, 169, 42, 63, 234, 50, 147, 63, 13, 11, 187, 189, 52, 103, 204, 0, 239, 63, 108, 127, 0, 57, 193, 57, 12, 13, 0, 0, 186, 254, 68, 1, 0, 0, 0, 0, 52, 224, 30, 63, 4, 111, 133, 63, 26, 89, 118, 189, 223, 135, 240, 0, 114, 219, 40, 127, 248, 48, 27, 53, 12, 13, 0, 0, 66, 232, 188, 23, 0, 0, 0, 0, 207, 57, 29, 63, 208, 225, 133, 63, 91, 106, 29, 189, 204, 153, 52, 0, 114, 219, 40, 127, 248, 48, 0, 52, 12, 13, 0, 0, 3, 233, 251, 22, 0, 0, 0, 0, 207, 57, 29, 63, 208, 225, 133, 63, 91, 106, 29, 189, 204, 153, 52, 0, 239, 63, 108, 127, 0, 54, 198, 39, 12, 13, 0, 0, 3, 233, 251, 22, 0, 0, 0, 0, 177, 189, 33, 63, 83, 167, 144, 63, 108, 120, 39, 188, 239, 63, 108, 0, 142, 37, 216, 127, 193, 58, 0, 52, 12, 13, 0, 0, 198, 245, 56, 10, 0, 0, 0, 0, 177, 189, 33, 63, 83, 167, 144, 63, 108, 120, 39, 188, 239, 63, 108, 0, 52, 103, 204, 127, 0, 57, 198, 39, 12, 13, 0, 0, 198, 245, 56, 10, 0, 0, 0, 0, 99, 11, 75, 191, 91, 216, 134, 63, 133, 87, 76, 61, 22, 244, 124, 0, 231, 123, 16, 129, 114, 56, 7, 51, 17, 16, 0, 0, 136, 239, 118, 16, 0, 0, 0, 0, 108, 164, 72, 191, 70, 29, 129, 63, 237, 221, 14, 61, 31, 202, 110, 0, 235, 109, 60, 129, 27, 55, 7, 51, 17, 16, 0, 0, 165, 239, 89, 16, 0, 0, 0, 0, 181, 139, 29, 191, 224, 39, 136, 63, 118, 92, 196, 188, 52, 206, 103, 0, 242, 110, 61, 129, 27, 55, 198, 39, 16, 17, 0, 0, 197, 234, 57, 21, 0, 0, 0, 0, 173, 242, 31, 191, 245, 226, 141, 63, 140, 210, 18, 188, 43, 252, 119, 0, 223, 121, 16, 129, 114, 56, 198, 39, 16, 17, 0, 0, 120, 241, 134, 14, 0, 0, 0, 0, 136, 65, 87, 191, 85, 46, 130, 63, 70, 72, 210, 188, 141, 204, 11, 0, 211, 109, 45, 129, 27, 55, 228, 54, 17, 0, 0, 0, 255, 255, 0, 0, 0, 0, 0, 0, 94, 130, 82, 191, 171, 211, 128, 63, 58, 56, 143, 60, 159, 194, 52, 0, 212, 109, 47, 129, 27, 55, 27, 53, 17, 16, 0, 0, 119, 254, 135, 1, 0, 0, 0, 0, 85, 233, 84, 191, 192, 142, 134, 63, 181, 21, 5, 61, 150, 236, 66, 0, 253, 123, 30, 129, 114, 56, 27, 53, 17, 16, 0, 0, 60, 254, 194, 1, 0, 0, 0, 0, 127, 168, 89, 191, 106, 233, 135, 63, 44, 170, 46, 188, 132, 246, 25, 0, 253, 122, 33, 129, 114, 56, 228, 54, 17, 0, 0, 0, 255, 255, 0, 0, 0, 0, 0, 0, 212, 60, 84, 191, 28, 155, 140, 63, 172, 108, 48, 188, 203, 112, 25, 0, 107, 58, 222, 129, 62, 57, 228, 54, 17, 16, 0, 0, 220, 250, 34, 5, 0, 0, 0, 0, 170, 125, 79, 191, 113, 64, 139, 63, 21, 165, 4, 61, 221, 102, 65, 0, 108, 58, 225, 129, 62, 57, 27, 53, 17, 16, 0, 0, 144, 241, 110, 14, 0, 0, 0, 0, 243, 100, 36, 191, 11, 75, 146, 63, 38, 206, 216, 188, 242, 110, 61, 0, 114, 37, 216, 129, 193, 58, 27, 53, 16, 17, 0, 0, 128, 252, 126, 3, 0, 0, 0, 0, 29, 36, 41, 191, 182, 165, 147, 63, 169, 147, 142, 189, 223, 121, 16, 0, 114, 37, 216, 129, 193, 58, 228, 54, 16, 0, 0, 0, 255, 255, 0, 0, 0, 0, 0, 0, 115, 50, 40, 191, 196, 49, 139, 63, 233, 101, 247, 189, 213, 4, 137, 0, 223, 121, 16, 129, 27, 55, 193, 57, 16, 17, 0, 0, 238, 236, 16, 19, 0, 0, 0, 0, 42, 75, 83, 191, 43, 39, 132, 63, 170, 191, 125, 189, 193, 0, 146, 0, 216, 118, 22, 129, 27, 55, 62, 56, 17, 0, 0, 0, 255, 255, 0, 0, 0, 0, 0, 0, 33, 178, 85, 191, 64, 226, 137, 63, 19, 70, 64, 189, 184, 41, 161, 0, 246, 113, 56, 129, 114, 56, 62, 56, 17, 0, 0, 0, 255, 255, 0, 0, 0, 0, 0, 0, 106, 153, 42, 191, 218, 236, 144, 63, 29, 169, 216, 189, 204, 50, 153, 0, 242, 110, 61, 129, 114, 56, 193, 57, 16, 17, 0, 0, 137, 247, 117, 8, 0, 0, 0, 0, 112, 109, 79, 191, 82, 70, 125, 63, 148, 251, 4, 60, 202, 143, 19, 0, 158, 57, 56, 129, 0, 54, 27, 53, 17, 16, 0, 0, 197, 249, 57, 6, 0, 0, 0, 0, 185, 25, 74, 191, 211, 200, 124, 63, 92, 158, 169, 186, 12, 131, 246, 0, 139, 241, 44, 129, 131, 53, 27, 53, 17, 16, 0, 0, 171, 241, 83, 14, 0, 0, 0, 0, 84, 115, 72, 191, 107, 174, 125, 63, 154, 67, 167, 60, 31, 148, 58, 0, 136, 240, 35, 129, 131, 53, 0, 52, 17, 16, 0, 0, 50, 240, 204, 15, 0, 0, 0, 0, 7, 5, 77, 191, 53, 133, 125, 63, 202, 80, 193, 60, 233, 151, 65, 0, 174, 63, 72, 129, 39, 54, 22, 52, 17, 16, 0, 0, 184, 245, 70, 10, 0, 0, 0, 0, 122, 101, 78, 191, 234, 143, 128, 63, 29, 4, 10, 61, 215, 191, 100, 0, 216, 107, 53, 129, 27, 55, 0, 52, 17, 16, 0, 0, 105, 247, 149, 8, 0, 0, 0, 0, 84, 115, 72, 191, 107, 174, 125, 63, 154, 67, 167, 60, 31, 148, 58, 0, 8, 62, 110, 129, 0, 54, 7, 51, 17, 16, 0, 0, 50, 240, 204, 15, 0, 0, 0, 0, 83, 241, 83, 191, 172, 104, 137, 63, 37, 203, 20, 61, 168, 51, 75, 0, 63, 109, 0, 129, 0, 57, 27, 53, 17, 16, 0, 0, 160, 249, 94, 6, 0, 0, 0, 0, 167, 37, 81, 191, 82, 155, 136, 63, 117, 72, 74, 61, 204, 30, 111, 0, 46, 117, 246, 129, 244, 56, 39, 52, 17, 16, 0, 0, 132, 245, 122, 10, 0, 0, 0, 0, 55, 247, 76, 191, 185, 156, 137, 63, 13, 46, 71, 61, 254, 56, 113, 0, 111, 55, 232, 129, 62, 57, 0, 52, 17, 16, 0, 0, 19, 240, 235, 15, 0, 0, 0, 0, 113, 204, 80, 191, 255, 74, 134, 63, 181, 125, 71, 61, 207, 231, 114, 0, 255, 124, 26, 129, 114, 56, 0, 52, 17, 16, 0, 0, 37, 247, 217, 8, 0, 0, 0, 0, 55, 247, 76, 191, 185, 156, 137, 63, 13, 46, 71, 61, 254, 56, 113, 0, 213, 106, 203, 129, 0, 57, 7, 51, 17, 16, 0, 0, 19, 240, 235, 15, 0, 0, 0, 0, 86, 95, 81, 191, 205, 98, 129, 63, 50, 150, 120, 189, 220, 187, 157, 0, 143, 239, 53, 129, 131, 53, 0, 56, 17, 16, 0, 0, 214, 254, 40, 1, 0, 0, 0, 0, 227, 216, 78, 191, 41, 126, 127, 63, 51, 13, 54, 189, 251, 141, 205, 0, 140, 241, 47, 129, 131, 53, 228, 54, 17, 16, 0, 0, 19, 251, 235, 4, 0, 0, 0, 0, 155, 44, 84, 191, 167, 251, 127, 63, 91, 129, 15, 189, 186, 153, 237, 0, 159, 55, 58, 129, 0, 54, 228, 54, 17, 0, 0, 0, 255, 255, 0, 0, 0, 0, 0, 0, 231, 44, 85, 191, 61, 22, 129, 63, 43, 8, 79, 189, 176, 183, 191, 0, 163, 29, 80, 129, 22, 54, 216, 55, 17, 0, 0, 0, 255, 255, 0, 0, 0, 0, 0, 0, 86, 95, 81, 191, 205, 98, 129, 63, 50, 150, 120, 189, 220, 187, 157, 0, 197, 101, 208, 129, 0, 54, 62, 56, 17, 16, 0, 0, 214, 254, 40, 1, 0, 0, 0, 0, 231, 44, 85, 191, 61, 22, 129, 63, 43, 8, 79, 189, 176, 183, 191, 0, 164, 85, 16, 129, 22, 54, 216, 55, 17, 0, 0, 0, 255, 255, 0, 0, 0, 0, 0, 0, 125, 81, 87, 191, 129, 27, 131, 63, 227, 51, 66, 189, 147, 229, 198, 0, 207, 108, 43, 129, 27, 55, 0, 56, 17, 0, 0, 0, 255, 255, 0, 0, 0, 0, 0, 0, 155, 44, 84, 191, 167, 251, 127, 63, 91, 129, 15, 189, 186, 153, 237, 0, 156, 60, 48, 129, 0, 54, 228, 54, 17, 0, 0, 0, 255, 255, 0, 0, 0, 0, 0, 0, 134, 77, 89, 191, 244, 238, 138, 63, 54, 208, 202, 188, 148, 62, 237, 0, 65, 100, 216, 129, 236, 56, 233, 55, 17, 0, 0, 0, 255, 255, 0, 0, 0, 0, 0, 0, 125, 176, 88, 191, 87, 195, 138, 63, 215, 168, 223, 187, 151, 60, 35, 0, 61, 110, 247, 129, 0, 57, 228, 54, 17, 0, 0, 0, 255, 255, 0, 0, 0, 0, 0, 0, 57, 227, 85, 191, 80, 40, 140, 63, 243, 9, 5, 189, 185, 95, 212, 0, 104, 57, 213, 129, 62, 57, 0, 56, 17, 16, 0, 0, 213, 254, 41, 1, 0, 0, 0, 0, 116, 184, 89, 191, 150, 214, 136, 63, 75, 186, 4, 189, 138, 13, 212, 0, 255, 120, 40, 129, 114, 56, 0, 56, 17, 0, 0, 0, 255, 255, 0, 0, 0, 0, 0, 0, 125, 176, 88, 191, 87, 195, 138, 63, 215, 168, 223, 187, 151, 60, 35, 0, 64, 109, 2, 129, 0, 57, 228, 54, 17, 0, 0, 0, 255, 255, 0, 0, 0, 0, 0, 0, 134, 77, 89, 191, 244, 238, 138, 63, 54, 208, 202, 188, 148, 62, 237, 0, 50, 103, 53, 129, 236, 56, 233, 55, 17, 0, 0, 0, 255, 255, 0, 0, 0, 0, 0, 0, 57, 227, 85, 191, 80, 40, 140, 63, 243, 9, 5, 189, 185, 95, 212, 0, 24, 67, 104, 129, 0, 57, 62, 56, 17, 16, 0, 0, 213, 254, 41, 1, 0, 0, 0, 0, 44, 192, 35, 191, 174, 201, 134, 63, 173, 140, 211, 189, 14, 146, 195, 0, 142, 219, 40, 129, 248, 48, 228, 54, 16, 17, 0, 0, 15, 233, 239, 22, 0, 0, 0, 0, 159, 70, 38, 191, 103, 109, 136, 63, 45, 209, 244, 189, 239, 193, 148, 0, 142, 219, 40, 129, 248, 48, 0, 56, 16, 17, 0, 0, 141, 234, 113, 21, 0, 0, 0, 0, 159, 70, 38, 191, 103, 109, 136, 63, 45, 209, 244, 189, 239, 193, 148, 0, 204, 103, 204, 129, 0, 54, 193, 57, 16, 17, 0, 0, 141, 234, 113, 21, 0, 0, 0, 0, 130, 202, 42, 191, 234, 50, 147, 63, 13, 11, 187, 189, 204, 103, 204, 0, 114, 37, 216, 129, 193, 58, 0, 56, 16, 17, 0, 0, 186, 254, 68, 1, 0, 0, 0, 0, 130, 202, 42, 191, 234, 50, 147, 63, 13, 11, 187, 189, 204, 103, 204, 0, 17, 63, 108, 129, 0, 57, 193, 57, 16, 17, 0, 0, 186, 254, 68, 1, 0, 0, 0, 0, 2, 1, 31, 191, 4, 111, 133, 63, 26, 89, 118, 189, 33, 135, 240, 0, 142, 219, 40, 129, 248, 48, 27, 53, 16, 17, 0, 0, 66, 232, 188, 23, 0, 0, 0, 0, 157, 90, 29, 191, 208, 225, 133, 63, 91, 106, 29, 189, 52, 153, 52, 0, 142, 219, 40, 129, 248, 48, 0, 52, 16, 17, 0, 0, 3, 233, 251, 22, 0, 0, 0, 0, 157, 90, 29, 191, 208, 225, 133, 63, 91, 106, 29, 189, 52, 153, 52, 0, 17, 63, 108, 129, 0, 54, 198, 39, 16, 17, 0, 0, 3, 233, 251, 22, 0, 0, 0, 0, 127, 222, 33, 191, 83, 167, 144, 63, 108, 120, 39, 188, 17, 63, 108, 0, 114, 37, 216, 129, 193, 58, 0, 52, 16, 17, 0, 0, 198, 245, 56, 10, 0, 0, 0, 0, 127, 222, 33, 191, 83, 167, 144, 63, 108, 120, 39, 188, 17, 63, 108, 0, 204, 103, 204, 129, 0, 57, 198, 39, 16, 17, 0, 0, 198, 245, 56, 10, 0, 0, 0, 0 ),
"array_index_data": PoolByteArray( 0, 0, 2, 0, 1, 0, 0, 0, 3, 0, 2, 0, 4, 0, 6, 0, 5, 0, 4, 0, 7, 0, 6, 0, 8, 0, 10, 0, 9, 0, 8, 0, 11, 0, 10, 0, 12, 0, 14, 0, 13, 0, 15, 0, 14, 0, 12, 0, 16, 0, 18, 0, 17, 0, 16, 0, 19, 0, 18, 0, 19, 0, 5, 0, 18, 0, 20, 0, 5, 0, 19, 0, 21, 0, 20, 0, 19, 0, 1, 0, 20, 0, 21, 0, 22, 0, 24, 0, 23, 0, 22, 0, 9, 0, 24, 0, 2, 0, 23, 0, 25, 0, 26, 0, 23, 0, 2, 0, 23, 0, 4, 0, 25, 0, 23, 0, 24, 0, 4, 0, 27, 0, 29, 0, 28, 0, 30, 0, 29, 0, 27, 0, 31, 0, 33, 0, 32, 0, 31, 0, 13, 0, 33, 0, 6, 0, 32, 0, 34, 0, 6, 0, 31, 0, 32, 0, 10, 0, 36, 0, 35, 0, 10, 0, 37, 0, 36, 0, 38, 0, 39, 0, 7, 0, 38, 0, 40, 0, 39, 0, 40, 0, 12, 0, 39, 0, 40, 0, 41, 0, 12, 0, 29, 0, 42, 0, 28, 0, 43, 0, 42, 0, 29, 0, 13, 0, 44, 0, 33, 0, 14, 0, 44, 0, 13, 0, 10, 0, 45, 0, 37, 0, 11, 0, 45, 0, 10, 0, 41, 0, 15, 0, 12, 0, 46, 0, 15, 0, 41, 0, 7, 0, 31, 0, 6, 0, 7, 0, 39, 0, 31, 0, 39, 0, 13, 0, 31, 0, 39, 0, 12, 0, 13, 0, 18, 0, 28, 0, 17, 0, 27, 0, 28, 0, 18, 0, 5, 0, 27, 0, 18, 0, 5, 0, 6, 0, 27, 0, 9, 0, 38, 0, 24, 0, 9, 0, 10, 0, 38, 0, 24, 0, 7, 0, 4, 0, 24, 0, 38, 0, 7, 0, 1, 0, 25, 0, 20, 0, 2, 0, 25, 0, 1, 0, 25, 0, 5, 0, 20, 0, 25, 0, 4, 0, 5, 0, 47, 0, 16, 0, 17, 0, 47, 0, 48, 0, 16, 0, 49, 0, 1, 0, 21, 0, 49, 0, 0, 0, 1, 0, 50, 0, 9, 0, 22, 0, 50, 0, 8, 0, 9, 0, 3, 0, 26, 0, 2, 0, 3, 0, 51, 0, 26, 0, 28, 0, 47, 0, 17, 0, 42, 0, 47, 0, 28, 0, 52, 0, 54, 0, 53, 0, 55, 0, 54, 0, 52, 0, 56, 0, 58, 0, 57, 0, 59, 0, 58, 0, 56, 0, 60, 0, 62, 0, 61, 0, 63, 0, 62, 0, 60, 0, 64, 0, 66, 0, 65, 0, 64, 0, 67, 0, 66, 0, 68, 0, 70, 0, 69, 0, 71, 0, 70, 0, 68, 0, 57, 0, 71, 0, 68, 0, 57, 0, 72, 0, 71, 0, 72, 0, 73, 0, 71, 0, 72, 0, 53, 0, 73, 0, 74, 0, 76, 0, 75, 0, 61, 0, 76, 0, 74, 0, 75, 0, 52, 0, 77, 0, 75, 0, 78, 0, 52, 0, 58, 0, 75, 0, 77, 0, 74, 0, 75, 0, 58, 0, 79, 0, 81, 0, 80, 0, 79, 0, 82, 0, 81, 0, 83, 0, 85, 0, 84, 0, 65, 0, 85, 0, 83, 0, 84, 0, 56, 0, 86, 0, 85, 0, 56, 0, 84, 0, 87, 0, 60, 0, 88, 0, 89, 0, 60, 0, 87, 0, 90, 0, 91, 0, 59, 0, 92, 0, 91, 0, 90, 0, 66, 0, 92, 0, 90, 0, 93, 0, 92, 0, 66, 0, 94, 0, 79, 0, 80, 0, 94, 0, 95, 0, 79, 0, 96, 0, 65, 0, 83, 0, 96, 0, 64, 0, 65, 0, 97, 0, 60, 0, 89, 0, 97, 0, 63, 0, 60, 0, 67, 0, 93, 0, 66, 0, 67, 0, 98, 0, 93, 0, 85, 0, 59, 0, 56, 0, 90, 0, 59, 0, 85, 0, 65, 0, 90, 0, 85, 0, 66, 0, 90, 0, 65, 0, 80, 0, 68, 0, 69, 0, 80, 0, 81, 0, 68, 0, 81, 0, 57, 0, 68, 0, 56, 0, 57, 0, 81, 0, 91, 0, 61, 0, 74, 0, 60, 0, 61, 0, 91, 0, 59, 0, 74, 0, 58, 0, 91, 0, 74, 0, 59, 0, 77, 0, 53, 0, 72, 0, 77, 0, 52, 0, 53, 0, 57, 0, 77, 0, 72, 0, 58, 0, 77, 0, 57, 0, 70, 0, 99, 0, 69, 0, 100, 0, 99, 0, 70, 0, 53, 0, 101, 0, 73, 0, 54, 0, 101, 0, 53, 0, 61, 0, 102, 0, 76, 0, 62, 0, 102, 0, 61, 0, 78, 0, 55, 0, 52, 0, 103, 0, 55, 0, 78, 0, 99, 0, 80, 0, 69, 0, 99, 0, 94, 0, 80, 0 ),
"blend_shape_data": [  ],
"format": 97751,
"index_count": 396,
"material": ExtResource( 13 ),
"primitive": 4,
"skeleton_aabb": [ AABB( 0, 0, 0, -1, -1, -1 ), AABB( 0, 0, 0, -1, -1, -1 ), AABB( 0, 0, 0, -1, -1, -1 ), AABB( 0, 0, 0, -1, -1, -1 ), AABB( 0, 0, 0, -1, -1, -1 ), AABB( 0, 0, 0, -1, -1, -1 ), AABB( 0, 0, 0, -1, -1, -1 ), AABB( 0, 0, 0, -1, -1, -1 ), AABB( 0, 0, 0, -1, -1, -1 ), AABB( 0, 0, 0, -1, -1, -1 ), AABB( 0, 0, 0, -1, -1, -1 ), AABB( 0, 0, 0, -1, -1, -1 ), AABB( 0.614163, 0.987439, -0.1208, 0.220834, 0.166055, 0.170688 ), AABB( 0.614163, 0.987439, -0.1208, 0.235807, 0.162552, 0.170688 ), AABB( 0, 0, 0, -1, -1, -1 ), AABB( 0, 0, 0, -1, -1, -1 ), AABB( -0.835498, 0.987439, -0.1208, 0.220834, 0.166055, 0.170698 ), AABB( -0.850471, 0.987439, -0.1208, 0.235807, 0.162552, 0.170698 ) ],
"vertex_count": 104
}

[sub_resource type="Skin" id=2]
resource_name = "Skin"
bind_count = 28
bind/0/bone = 0
bind/0/pose = Transform( 1, 0, 0, 0, 0.957999, 0.28677, 0, -0.28677, 0.957999, 0, -0.799443, 0.295662 )
bind/1/bone = 1
bind/1/pose = Transform( 1, 0, 0, 0, 0.98981, 0.142392, 0, -0.142392, 0.98981, 0, -0.962482, 0.155456 )
bind/2/bone = 2
bind/2/pose = Transform( 1, -1.76106e-08, -4.76512e-07, 0, 0.999318, -0.0369321, 4.76837e-07, 0.0369322, 0.999318, 1.89921e-08, -1.0883, -0.0398293 )
bind/3/bone = 3
bind/3/pose = Transform( 1, 1.10961e-16, -3.68116e-18, 1.77538e-15, 0.99945, -0.0331569, 5.88987e-17, 0.033157, 0.99945, -1.37012e-16, -1.23409, -0.0351677 )
bind/4/bone = 4
bind/4/pose = Transform( 1, 9.97579e-08, -2.16545e-07, -7.10543e-15, 0.908256, 0.418415, 2.38419e-07, -0.418415, 0.908256, -1.41749e-07, -1.26392, 0.594537 )
bind/5/bone = 5
bind/5/pose = Transform( 1, 6.12104e-15, -2.77548e-14, -3.87817e-15, 0.976534, 0.215365, 1.54076e-14, -0.215365, 0.976534, -8.48993e-15, -1.41727, 0.299546 )
bind/6/bone = 6
bind/6/pose = Transform( 1, 2.11758e-22, -1.42109e-14, -9.84386e-16, 1, 1.3411e-07, 6.66955e-16, -1.49012e-08, 1, 3.66972e-16, -1.50041, -0.0241576 )
bind/7/bone = 7
bind/7/pose = Transform( 0.749698, 0.657341, 0.0765215, -0.503856, 0.64193, -0.577974, -0.429048, 0.39475, 0.812459, -1.13044, -1.12969, -0.624239 )
bind/8/bone = 8
bind/8/pose = Transform( 0.43275, 0.0577064, -0.899665, -0.901167, -1.39698e-07, -0.433473, -0.0250142, 0.998333, 0.0520032, -0.214448, -0.136115, -1.81452 )
bind/9/bone = 9
bind/9/pose = Transform( 1, 2.11758e-22, -1.42109e-14, -9.84386e-16, 1, 1.3411e-07, 6.66955e-16, -1.49012e-08, 1, -0.0152656, -1.77686, -0.520206 )
bind/10/bone = 10
bind/10/pose = Transform( 0.454434, -0.0582604, 0.888873, 0.890374, -0.00044075, -0.45523, 0.0269136, 0.998301, 0.0516734, 0.00994457, 0.0127115, -1.35371 )
bind/11/bone = 11
bind/11/pose = Transform( -0.397005, -0.911799, -0.104925, 0.906971, -0.372219, -0.19712, 0.140678, -0.173421, 0.974749, 1.30153, 0.292308, 0.226003 )
bind/12/bone = 12
bind/12/pose = Transform( -0.430168, -0.898875, -0.0835459, 0.888054, -0.43798, 0.139763, -0.162221, -0.0140714, 0.986654, 1.30412, 0.104523, 0.183348 )
bind/13/bone = 13
bind/13/pose = Transform( -0.47743, -0.874468, -0.0858252, 0.869851, -0.484183, 0.0944876, -0.124181, -0.0295437, 0.99182, 1.31223, -0.108331, 0.172388 )
bind/14/bone = 14
bind/14/pose = Transform( 0.454434, 0.0582604, -0.888873, -0.890374, -0.00044075, -0.45523, -0.0269136, 0.998301, 0.0516734, -0.00994457, 0.0127115, -1.35371 )
bind/15/bone = 15
bind/15/pose = Transform( -0.397005, 0.911799, 0.104925, -0.906971, -0.372219, -0.19712, -0.140678, -0.173421, 0.974749, -1.30153, 0.292308, 0.226003 )
bind/16/bone = 16
bind/16/pose = Transform( -0.430168, 0.898875, 0.0835459, -0.888054, -0.43798, 0.139763, 0.162221, -0.0140714, 0.986654, -1.30412, 0.104523, 0.183348 )
bind/17/bone = 17
bind/17/pose = Transform( -0.47743, 0.874468, 0.0858252, -0.869851, -0.484183, 0.0944876, 0.124181, -0.0295437, 0.99182, -1.31223, -0.108331, 0.172388 )
bind/18/bone = 18
bind/18/pose = Transform( 1, 2.11398e-08, 2.37479e-07, -1.06582e-13, -0.996061, 0.0886672, 2.38419e-07, -0.0886669, -0.996062, -0.110297, 0.90048, 0.0679828 )
bind/19/bone = 19
bind/19/pose = Transform( 1, -2.72587e-08, 2.36855e-07, 5.32908e-15, -0.993443, -0.114331, 2.38419e-07, 0.114331, -0.993444, -0.110297, 0.452722, -0.0239454 )
bind/20/bone = 20
bind/20/pose = Transform( 1, 2.09938e-07, 1.13002e-07, -5.11591e-13, -0.473966, 0.880544, 2.38419e-07, -0.880543, -0.473967, -0.110297, 0.0479659, 0.0556827 )
bind/21/bone = 21
bind/21/pose = Transform( -1, -8.74225e-08, 1.68163e-14, -5.74119e-13, -1.78814e-07, 1, -8.74225e-08, 1, -2.98024e-08, 0.110297, -0.0913491, -0.0140667 )
bind/22/bone = 22
bind/22/pose = Transform( -3.4562e-08, -4.47035e-07, 1, 1, 6.42089e-08, 3.45615e-08, -6.42089e-08, 1, 2.68221e-07, 0.0448921, -0.0675285, -1.85477e-08 )
bind/23/bone = 23
bind/23/pose = Transform( 1, 2.11398e-08, 2.37479e-07, -1.06582e-13, -0.996061, 0.0886672, 2.38419e-07, -0.0886669, -0.996062, 0.110297, 0.90048, 0.0679828 )
bind/24/bone = 24
bind/24/pose = Transform( 1, -2.72587e-08, 2.36855e-07, 5.32908e-15, -0.993443, -0.114331, 2.38419e-07, 0.114331, -0.993444, 0.110297, 0.452722, -0.0239454 )
bind/25/bone = 25
bind/25/pose = Transform( 1, 2.09938e-07, 1.13002e-07, -5.11591e-13, -0.473966, 0.880544, 2.38419e-07, -0.880543, -0.473967, 0.110297, 0.0479659, 0.0556827 )
bind/26/bone = 26
bind/26/pose = Transform( -1, -8.74225e-08, 1.68163e-14, -5.74119e-13, -1.78814e-07, 1, -8.74225e-08, 1, -2.98024e-08, -0.110297, -0.0913491, -0.0140667 )
bind/27/bone = 27
bind/27/pose = Transform( -4.38787e-08, 4.17233e-07, -1, -1, 8.15197e-08, 4.38794e-08, 8.15197e-08, 1, 2.38419e-07, -0.0448921, -0.0675285, -2.15105e-08 )

[sub_resource type="ArrayMesh" id=3]
resource_name = "Circle"
surfaces/0 = {
"aabb": AABB( -0.908755, -0.00656068, -0.0740657, 0.106481, 1.51711, 0.119809 ),
